210,5
210,4
210,3
210,2
210,1
210,0
209,4
209,3
209,2
209,1
209,0
208,4
208,3
208,2
208,1
208,0
207,5
207,4
207,3
207,2
207,1
207,0
206,5
206,4
206,3
206,2
206,1
206,0
205,4
205,3
205,2
205,1
205,0
4294967278,420
204,5
204,4
204,3
204,2
204,1
204,0
203,4
203,3
203,2
203,1
203,0
202,4
202,3
202,2
202,1
202,0
201,5
201,4
201,3
201,2
201,1
201,0
200,5
200,4
200,3
200,2
200,1
200,0
199,4
199,3
199,2
199,1
199,0
4294967279,488
4294967279,487
198,5
198,4
198,3
198,2
198,1
198,0
197,4
197,3
197,2
197,1
197,0
196,4
196,3
196,2
196,1
196,0
4294967278,419
195,5
195,4
195,3
195,2
195,1
195,0
194,5
194,4
194,3
194,2
194,1
194,0
193,4
193,3
193,2
193,1
193,0
4294967278,287
4294967279,486
192,5
192,4
192,3
192,2
192,1
192,0
191,4
191,3
191,2
191,1
191,0
190,4
190,3
190,2
190,1
190,0
189,5
189,4
189,3
189,2
189,1
189,0
188,5
188,4
188,3
188,2
188,1
188,0
187,4
187,3
187,2
187,1
187,0
4294967279,485
186,5
186,4
186,3
186,2
186,1
186,0
185,4
185,3
185,2
185,1
185,0
184,4
184,3
184,2
184,1
184,0
183,5
183,4
183,3
183,2
183,1
183,0
182,5
182,4
182,3
182,2
182,1
182,0
181,4
181,3
181,2
181,1
181,0
4294967279,484
180,5
180,4
180,3
180,2
180,1
180,0
179,4
179,3
179,2
179,1
179,0
178,4
178,3
178,2
178,1
178,0
4294967279,483
177,5
177,4
177,3
177,2
177,1
177,0
176,5
176,4
176,3
176,2
176,1
176,0
175,4
175,3
175,2
175,1
175,0
4294967294,698
174,5
174,4
174,3
174,2
174,1
174,0
173,4
173,3
173,2
173,1
173,0
172,4
172,3
172,2
172,1
172,0
171,5
171,4
171,3
171,2
171,1
171,0
170,5
170,4
170,3
170,2
170,1
170,0
169,4
169,3
169,2
169,1
169,0
4294967278,280
4294967279,482
168,5
168,4
168,3
168,2
168,1
168,0
167,4
167,3
167,2
167,1
167,0
166,4
166,3
166,2
166,1
166,0
165,5
165,4
165,3
165,2
165,1
165,0
164,5
164,4
164,3
164,2
164,1
164,0
163,4
163,3
163,2
163,1
163,0
162,5
162,4
162,3
162,2
162,1
162,0
161,4
161,3
161,2
161,1
161,0
160,4
160,3
160,2
160,1
160,0
159,5
159,4
159,3
159,2
159,1
159,0
158,5
158,4
158,3
158,2
158,1
158,0
157,4
157,3
157,2
157,1
157,0
4294967279,481
156,5
156,4
156,3
156,2
156,1
156,0
4294967279,480
155,4
155,3
155,2
155,1
155,0
154,4
154,3
154,2
154,1
154,0
153,5
153,4
153,3
153,2
153,1
153,0
152,5
152,4
152,3
152,2
152,1
152,0
151,4
151,3
151,2
151,1
151,0
4294967278,418
150,5
150,4
150,3
150,2
150,1
150,0
149,4
149,3
149,2
149,1
149,0
148,4
148,3
148,2
148,1
148,0
147,5
147,4
147,3
147,2
147,1
147,0
4294967279,479
146,5
146,4
146,3
146,2
146,1
146,0
145,4
145,3
145,2
145,1
145,0
4294967278,417
144,5
144,4
144,3
144,2
144,1
144,0
143,4
143,3
143,2
143,1
143,0
142,4
142,3
142,2
142,1
142,0
141,5
141,4
141,3
141,2
141,1
141,0
140,5
140,4
140,3
140,2
140,1
140,0
139,4
139,3
139,2
139,1
139,0
4294967279,478
138,5
138,4
138,3
138,2
138,1
138,0
137,4
137,3
137,2
137,1
137,0
136,4
136,3
136,2
136,1
136,0
135,5
135,4
135,3
135,2
135,1
135,0
134,5
134,4
134,3
134,2
134,1
134,0
133,4
133,3
133,2
133,1
133,0
4294967279,161
132,5
132,4
132,3
132,2
132,1
132,0
131,4
131,3
131,2
131,1
131,0
130,4
130,3
130,2
130,1
130,0
129,5
129,4
129,3
129,2
129,1
129,0
128,5
128,4
128,3
128,2
128,1
128,0
127,4
127,3
127,2
127,1
127,0
4294967278,416
4294967279,477
126,5
126,4
126,3
126,2
126,1
126,0
125,4
125,3
125,2
125,1
125,0
124,4
124,3
124,2
124,1
124,0
123,5
123,4
123,3
123,2
123,1
123,0
4294967279,476
122,5
122,4
122,3
122,2
122,1
122,0
121,4
121,3
121,2
